1111111100000000000011111111111111111111000000001111111111111111111111110000000000001111111111111111111100000000000011111111111111111111000011110000111111111111111111110000000000001111111111111111111100001111111111111111111111111111000000000000111111111111111111110000000000001111111111111111111100000000000011111111111111111111111111111111111111111111111111111111111111111111111111111111111111111111000011111111111111111111111111111111111111111111111111110000111111111111111111111111111100000000000011111111111111111
1111111100000000000011111111111111111111000000001111111111111111111111110000000000001111111111111111111100000000000011111111111111111111000011110000111111111111111111110000000000001111111111111111111100001111111111111111111111111111000000000000111111111111111111110000000000001111111111111111111100000000000011111111111111111111111111111111111111111111111111111111111111111111111111111111111111111111000011111111111111111111111111111111111111111111111111110000111111111111111111111111111100000000000011111111111111111
1111111100000000000011111111111111111111000000001111111111111111111111110000000000001111111111111111111100000000000011111111111111111111000011110000111111111111111111110000000000001111111111111111111100001111111111111111111111111111000000000000111111111111111111110000000000001111111111111111111100000000000011111111111111111111111111111111111111111111111111111111111111111111111111111111111111111111000011111111111111111111111111111111111111111111111111110000111111111111111111111111111100000000000011111111111111111
1111111100000000000011111111111111111111000000001111111111111111111111110000000000001111111111111111111100000000000011111111111111111111000011110000111111111111111111110000000000001111111111111111111100001111111111111111111111111111000000000000111111111111111111110000000000001111111111111111111100000000000011111111111111111111111111111111111111111111111111111111111111111111111111111111111111111111000011111111111111111111111111111111111111111111111111110000111111111111111111111111111100000000000011111111111111111
1111111100001111000011111111111111111111111100001111111111111111111111111111111100001111111111111111111111111111000011111111111111111111000011110000111111111111111111110000111111111111111111111111111100001111111111111111111111111111111111110000111111111111111111110000111100001111111111111111111100001111000011111111111111111111111100001111111111111111111111111111000011111111111111111111111111110000111111111111111111111111000000000000111111111111111111111111000011111111111111111111111111111111000011111111111111111
1111111100001111000011111111111111111111111100001111111111111111111111111111111100001111111111111111111111111111000011111111111111111111000011110000111111111111111111110000111111111111111111111111111100001111111111111111111111111111111111110000111111111111111111110000111100001111111111111111111100001111000011111111111111111111111100001111111111111111111111111111000011111111111111111111111111110000111111111111111111111111000000000000111111111111111111111111000011111111111111111111111111111111000011111111111111111
1111111100001111000011111111111111111111111100001111111111111111111111111111111100001111111111111111111111111111000011111111111111111111000011110000111111111111111111110000111111111111111111111111111100001111111111111111111111111111111111110000111111111111111111110000111100001111111111111111111100001111000011111111111111111111111100001111111111111111111111111111000011111111111111111111111111110000111111111111111111111111000000000000111111111111111111111111000011111111111111111111111111111111000011111111111111111
1111111100001111000011111111111111111111111100001111111111111111111111111111111100001111111111111111111111111111000011111111111111111111000011110000111111111111111111110000111111111111111111111111111100001111111111111111111111111111111111110000111111111111111111110000111100001111111111111111111100001111000011111111111111111111111100001111111111111111111111111111000011111111111111111111111111110000111111111111111111111111000000000000111111111111111111111111000011111111111111111111111111111111000011111111111111111
1111111100001111000011111111111111111111111100001111111111111111111111110000000000001111111111111111111111110000000011111111111111111111000000000000111111111111111111110000000000001111111111111111111100000000000011111111111111111111111111110000111111111111111111110000000000001111111111111111111100000000000011111111111111111111111111111111111111111111111111111111111111111111111111111111111100001111111111111111111111111111111111111111111111111111111111111111111100001111111111111111111111110000000011111111111111111
1111111100001111000011111111111111111111111100001111111111111111111111110000000000001111111111111111111111110000000011111111111111111111000000000000111111111111111111110000000000001111111111111111111100000000000011111111111111111111111111110000111111111111111111110000000000001111111111111111111100000000000011111111111111111111111111111111111111111111111111111111111111111111111111111111111100001111111111111111111111111111111111111111111111111111111111111111111100001111111111111111111111110000000011111111111111111
1111111100001111000011111111111111111111111100001111111111111111111111110000000000001111111111111111111111110000000011111111111111111111000000000000111111111111111111110000000000001111111111111111111100000000000011111111111111111111111111110000111111111111111111110000000000001111111111111111111100000000000011111111111111111111111111111111111111111111111111111111111111111111111111111111111100001111111111111111111111111111111111111111111111111111111111111111111100001111111111111111111111110000000011111111111111111
1111111100001111000011111111111111111111111100001111111111111111111111110000000000001111111111111111111111110000000011111111111111111111000000000000111111111111111111110000000000001111111111111111111100000000000011111111111111111111111111110000111111111111111111110000000000001111111111111111111100000000000011111111111111111111111111111111111111111111111111111111111111111111111111111111111100001111111111111111111111111111111111111111111111111111111111111111111100001111111111111111111111110000000011111111111111111
1111111100001111000011111111111111111111111100001111111111111111111111110000111111111111111111111111111111111111000011111111111111111111111111110000111111111111111111111111111100001111111111111111111100001111000011111111111111111111111111110000111111111111111111110000111100001111111111111111111111111111000011111111111111111111111100001111111111111111111111111111000011111111111111111111111111110000111111111111111111111111000000000000111111111111111111111111000011111111111111111111111111111111111111111111111111111
1111111100001111000011111111111111111111111100001111111111111111111111110000111111111111111111111111111111111111000011111111111111111111111111110000111111111111111111111111111100001111111111111111111100001111000011111111111111111111111111110000111111111111111111110000111100001111111111111111111111111111000011111111111111111111111100001111111111111111111111111111000011111111111111111111111111110000111111111111111111111111000000000000111111111111111111111111000011111111111111111111111111111111111111111111111111111
1111111100001111000011111111111111111111111100001111111111111111111111110000111111111111111111111111111111111111000011111111111111111111111111110000111111111111111111111111111100001111111111111111111100001111000011111111111111111111111111110000111111111111111111110000111100001111111111111111111111111111000011111111111111111111111100001111111111111111111111111111000011111111111111111111111111110000111111111111111111111111000000000000111111111111111111111111000011111111111111111111111111111111111111111111111111111
1111111100001111000011111111111111111111111100001111111111111111111111110000111111111111111111111111111111111111000011111111111111111111111111110000111111111111111111111111111100001111111111111111111100001111000011111111111111111111111111110000111111111111111111110000111100001111111111111111111111111111000011111111111111111111111100001111111111111111111111111111000011111111111111111111111111110000111111111111111111111111000000000000111111111111111111111111000011111111111111111111111111111111111111111111111111111
1111111100000000000011111111111111111111000000000000111111111111111111110000000000001111111111111111111100000000000011111111111111111111111111110000111111111111111111110000000000001111111111111111111100000000000011111111111111111111111111110000111111111111111111110000000000001111111111111111111111111111000011111111111111111111111111111111111111111111111111110000111111111111111111111111111111111111000011111111111111111111111111111111111111111111111111110000111111111111111111111111111111110000111111111111111111111
1111111100000000000011111111111111111111000000000000111111111111111111110000000000001111111111111111111100000000000011111111111111111111111111110000111111111111111111110000000000001111111111111111111100000000000011111111111111111111111111110000111111111111111111110000000000001111111111111111111111111111000011111111111111111111111111111111111111111111111111110000111111111111111111111111111111111111000011111111111111111111111111111111111111111111111111110000111111111111111111111111111111110000111111111111111111111
1111111100000000000011111111111111111111000000000000111111111111111111110000000000001111111111111111111100000000000011111111111111111111111111110000111111111111111111110000000000001111111111111111111100000000000011111111111111111111111111110000111111111111111111110000000000001111111111111111111111111111000011111111111111111111111111111111111111111111111111110000111111111111111111111111111111111111000011111111111111111111111111111111111111111111111111110000111111111111111111111111111111110000111111111111111111111
1111111100000000000011111111111111111111000000000000111111111111111111110000000000001111111111111111111100000000000011111111111111111111111111110000111111111111111111110000000000001111111111111111111100000000000011111111111111111111111111110000111111111111111111110000000000001111111111111111111111111111000011111111111111111111111111111111111111111111111111110000111111111111111111111111111111111111000011111111111111111111111111111111111111111111111111110000111111111111111111111111111111110000111111111111111111111
1111111111111111111111111111111111111111111111111111111111111111111111111111111111111111111111111111111111111111111111111111111111111111111111111111111111111111111111111111111111111111111111111111111111111111111111111111111111111111111111111111111111111111111111111111111111111111111111111111111111111111111111111111111111111111111111111111111111111111111111111111111111111111111111111111111111111111111111111111111111111111111111111111111111111111111111111111111111111111111111111111111111111111111111111111111111111
1111111111111111111111111111111111111111111111111111111111111111111111111111111111111111111111111111111111111111111111111111111111111111111111111111111111111111111111111111111111111111111111111111111111111111111111111111111111111111111111111111111111111111111111111111111111111111111111111111111111111111111111111111111111111111111111111111111111111111111111111111111111111111111111111111111111111111111111111111111111111111111111111111111111111111111111111111111111111111111111111111111111111111111111111111111111111
1111111111111111111111111111111111111111111111111111111111111111111111111111111111111111111111111111111111111111111111111111111111111111111111111111111111111111111111111111111111111111111111111111111111111111111111111111111111111111111111111111111111111111111111111111111111111111111111111111111111111111111111111111111111111111111111111111111111111111111111111111111111111111111111111111111111111111111111111111111111111111111111111111111111111111111111111111111111111111111111111111111111111111111111111111111111111
1111111111111111111111111111111111111111111111111111111111111111111111111111111111111111111111111111111111111111111111111111111111111111111111111111111111111111111111111111111111111111111111111111111111111111111111111111111111111111111111111111111111111111111111111111111111111111111111111111111111111111111111111111111111111111111111111111111111111111111111111111111111111111111111111111111111111111111111111111111111111111111111111111111111111111111111111111111111111111111111111111111111111111111111111111111111111
1111111111111111111111111111111111111111111111111111111111111111111111111111111111111111111111111111111111111111111111111111111111111111111111111111111111111111111111111111111111111111111111111111111111111111111111111111111111111111111111111111111111111111111111111111111111111111111111111111111111111111111111111111111111111111111111111111111111111111111111111111111111111111111111111111111111111111111111111111111111111111111111111111111111111111111111111111111111111111111111111111111111111111111111111111111111111
1111111111111111111111111111111111111111111111111111111111111111111111111111111111111111111111111111111111111111111111111111111111111111111111111111111111111111111111111111111111111111111111111111111111111111111111111111111111111111111111111111111111111111111111111111111111111111111111111111111111111111111111111111111111111111111111111111111111111111111111111111111111111111111111111111111111111111111111111111111111111111111111111111111111111111111111111111111111111111111111111111111111111111111111111111111111111
1111111111111111111111111111111111111111111111111111111111111111111111111111111111111111111111111111111111111111111111111111111111111111111111111111111111111111111111111111111111111111111111111111111111111111111111111111111111111111111111111111111111111111111111111111111111111111111111111111111111111111111111111111111111111111111111111111111111111111111111111111111111111111111111111111111111111111111111111111111111111111111111111111111111111111111111111111111111111111111111111111111111111111111111111111111111111
1111111111111111111111111111111111111111111111111111111111111111111111111111111111111111111111111111111111111111111111111111111111111111111111111111111111111111111111111111111111111111111111111111111111111111111111111111111111111111111111111111111111111111111111111111111111111111111111111111111111111111111111111111111111111111111111111111111111111111111111111111111111111111111111111111111111111111111111111111111111111111111111111111111111111111111111111111111111111111111111111111111111111111111111111111111111111
1111111111110000111111111111111111111111000000000000111111111111111111110000000000001111111111111111111111110000000011111111111111111111000000001111111111111111111111110000000000001111111111111111111100000000000011111111111111111111111100000000111111111111111111110000111100001111111111111111111100000000000011111111111111111111000000000000111111111111111111110000111100001111111111111111111100001111111111111111111111111111000000000000111111111111111111110000000011111111111111111111111111110000000011111111111111111
1111111111110000111111111111111111111111000000000000111111111111111111110000000000001111111111111111111111110000000011111111111111111111000000001111111111111111111111110000000000001111111111111111111100000000000011111111111111111111111100000000111111111111111111110000111100001111111111111111111100000000000011111111111111111111000000000000111111111111111111110000111100001111111111111111111100001111111111111111111111111111000000000000111111111111111111110000000011111111111111111111111111110000000011111111111111111
1111111111110000111111111111111111111111000000000000111111111111111111110000000000001111111111111111111111110000000011111111111111111111000000001111111111111111111111110000000000001111111111111111111100000000000011111111111111111111111100000000111111111111111111110000111100001111111111111111111100000000000011111111111111111111000000000000111111111111111111110000111100001111111111111111111100001111111111111111111111111111000000000000111111111111111111110000000011111111111111111111111111110000000011111111111111111
1111111111110000111111111111111111111111000000000000111111111111111111110000000000001111111111111111111111110000000011111111111111111111000000001111111111111111111111110000000000001111111111111111111100000000000011111111111111111111111100000000111111111111111111110000111100001111111111111111111100000000000011111111111111111111000000000000111111111111111111110000111100001111111111111111111100001111111111111111111111111111000000000000111111111111111111110000000011111111111111111111111111110000000011111111111111111
1111111111111111000011111111111111111111000011110000111111111111111111110000111100001111111111111111111100001111111111111111111111111111000011110000111111111111111111110000111111111111111111111111111100001111111111111111111111111111000011111111111111111111111111110000111100001111111111111111111111110000111111111111111111111111111100001111111111111111111111110000111100001111111111111111111100001111111111111111111111111111000000000000111111111111111111110000111100001111111111111111111100001111000011111111111111111
1111111111111111000011111111111111111111000011110000111111111111111111110000111100001111111111111111111100001111111111111111111111111111000011110000111111111111111111110000111111111111111111111111111100001111111111111111111111111111000011111111111111111111111111110000111100001111111111111111111111110000111111111111111111111111111100001111111111111111111111110000111100001111111111111111111100001111111111111111111111111111000000000000111111111111111111110000111100001111111111111111111100001111000011111111111111111
1111111111111111000011111111111111111111000011110000111111111111111111110000111100001111111111111111111100001111111111111111111111111111000011110000111111111111111111110000111111111111111111111111111100001111111111111111111111111111000011111111111111111111111111110000111100001111111111111111111111110000111111111111111111111111111100001111111111111111111111110000111100001111111111111111111100001111111111111111111111111111000000000000111111111111111111110000111100001111111111111111111100001111000011111111111111111
1111111111111111000011111111111111111111000011110000111111111111111111110000111100001111111111111111111100001111111111111111111111111111000011110000111111111111111111110000111111111111111111111111111100001111111111111111111111111111000011111111111111111111111111110000111100001111111111111111111111110000111111111111111111111111111100001111111111111111111111110000111100001111111111111111111100001111111111111111111111111111000000000000111111111111111111110000111100001111111111111111111100001111000011111111111111111
1111111111111111111111111111111111111111000000000000111111111111111111110000000011111111111111111111111100001111111111111111111111111111000011110000111111111111111111110000000011111111111111111111111100000000111111111111111111111111000011111111111111111111111111110000000000001111111111111111111111110000111111111111111111111111111100001111111111111111111111110000000011111111111111111111111100001111111111111111111111111111000011110000111111111111111111110000111100001111111111111111111100001111000011111111111111111
1111111111111111111111111111111111111111000000000000111111111111111111110000000011111111111111111111111100001111111111111111111111111111000011110000111111111111111111110000000011111111111111111111111100000000111111111111111111111111000011111111111111111111111111110000000000001111111111111111111111110000111111111111111111111111111100001111111111111111111111110000000011111111111111111111111100001111111111111111111111111111000011110000111111111111111111110000111100001111111111111111111100001111000011111111111111111
1111111111111111111111111111111111111111000000000000111111111111111111110000000011111111111111111111111100001111111111111111111111111111000011110000111111111111111111110000000011111111111111111111111100000000111111111111111111111111000011111111111111111111111111110000000000001111111111111111111111110000111111111111111111111111111100001111111111111111111111110000000011111111111111111111111100001111111111111111111111111111000011110000111111111111111111110000111100001111111111111111111100001111000011111111111111111
1111111111111111111111111111111111111111000000000000111111111111111111110000000011111111111111111111111100001111111111111111111111111111000011110000111111111111111111110000000011111111111111111111111100000000111111111111111111111111000011111111111111111111111111110000000000001111111111111111111111110000111111111111111111111111111100001111111111111111111111110000000011111111111111111111111100001111111111111111111111111111000011110000111111111111111111110000111100001111111111111111111100001111000011111111111111111
1111111111111111111111111111111111111111000011110000111111111111111111110000111100001111111111111111111100001111111111111111111111111111000011110000111111111111111111110000111111111111111111111111111100001111111111111111111111111111000011110000111111111111111111110000111100001111111111111111111111110000111111111111111111111111111100001111111111111111111111110000111100001111111111111111111100001111111111111111111111111111000011110000111111111111111111110000111100001111111111111111111100001111000011111111111111111
1111111111111111111111111111111111111111000011110000111111111111111111110000111100001111111111111111111100001111111111111111111111111111000011110000111111111111111111110000111111111111111111111111111100001111111111111111111111111111000011110000111111111111111111110000111100001111111111111111111111110000111111111111111111111111111100001111111111111111111111110000111100001111111111111111111100001111111111111111111111111111000011110000111111111111111111110000111100001111111111111111111100001111000011111111111111111
1111111111111111111111111111111111111111000011110000111111111111111111110000111100001111111111111111111100001111111111111111111111111111000011110000111111111111111111110000111111111111111111111111111100001111111111111111111111111111000011110000111111111111111111110000111100001111111111111111111111110000111111111111111111111111111100001111111111111111111111110000111100001111111111111111111100001111111111111111111111111111000011110000111111111111111111110000111100001111111111111111111100001111000011111111111111111
1111111111111111111111111111111111111111000011110000111111111111111111110000111100001111111111111111111100001111111111111111111111111111000011110000111111111111111111110000111111111111111111111111111100001111111111111111111111111111000011110000111111111111111111110000111100001111111111111111111111110000111111111111111111111111111100001111111111111111111111110000111100001111111111111111111100001111111111111111111111111111000011110000111111111111111111110000111100001111111111111111111100001111000011111111111111111
1111111111111111111111111111111111111111000011110000111111111111111111110000000000001111111111111111111111110000000011111111111111111111000000000000111111111111111111110000000000001111111111111111111100001111111111111111111111111111000000000000111111111111111111110000111100001111111111111111111100000000000011111111111111111111000000001111111111111111111111110000111100001111111111111111111100000000000011111111111111111111000011110000111111111111111111110000111100001111111111111111111100000000111111111111111111111
1111111111111111111111111111111111111111000011110000111111111111111111110000000000001111111111111111111111110000000011111111111111111111000000000000111111111111111111110000000000001111111111111111111100001111111111111111111111111111000000000000111111111111111111110000111100001111111111111111111100000000000011111111111111111111000000001111111111111111111111110000111100001111111111111111111100000000000011111111111111111111000011110000111111111111111111110000111100001111111111111111111100000000111111111111111111111
1111111111111111111111111111111111111111000011110000111111111111111111110000000000001111111111111111111111110000000011111111111111111111000000000000111111111111111111110000000000001111111111111111111100001111111111111111111111111111000000000000111111111111111111110000111100001111111111111111111100000000000011111111111111111111000000001111111111111111111111110000111100001111111111111111111100000000000011111111111111111111000011110000111111111111111111110000111100001111111111111111111100000000111111111111111111111
1111111111111111111111111111111111111111000011110000111111111111111111110000000000001111111111111111111111110000000011111111111111111111000000000000111111111111111111110000000000001111111111111111111100001111111111111111111111111111000000000000111111111111111111110000111100001111111111111111111100000000000011111111111111111111000000001111111111111111111111110000111100001111111111111111111100000000000011111111111111111111000011110000111111111111111111110000111100001111111111111111111100000000111111111111111111111
1111111111111111111111111111111111111111111111111111111111111111111111111111111111111111111111111111111111111111111111111111111111111111111111111111111111111111111111111111111111111111111111111111111111111111111111111111111111111111111111111111111111111111111111111111111111111111111111111111111111111111111111111111111111111111111111111111111111111111111111111111111111111111111111111111111111111111111111111111111111111111111111111111111111111111111111111111111111111111111111111111111111111111111111111111111111111
1111111111111111111111111111111111111111111111111111111111111111111111111111111111111111111111111111111111111111111111111111111111111111111111111111111111111111111111111111111111111111111111111111111111111111111111111111111111111111111111111111111111111111111111111111111111111111111111111111111111111111111111111111111111111111111111111111111111111111111111111111111111111111111111111111111111111111111111111111111111111111111111111111111111111111111111111111111111111111111111111111111111111111111111111111111111111
1111111111111111111111111111111111111111111111111111111111111111111111111111111111111111111111111111111111111111111111111111111111111111111111111111111111111111111111111111111111111111111111111111111111111111111111111111111111111111111111111111111111111111111111111111111111111111111111111111111111111111111111111111111111111111111111111111111111111111111111111111111111111111111111111111111111111111111111111111111111111111111111111111111111111111111111111111111111111111111111111111111111111111111111111111111111111
1111111111111111111111111111111111111111111111111111111111111111111111111111111111111111111111111111111111111111111111111111111111111111111111111111111111111111111111111111111111111111111111111111111111111111111111111111111111111111111111111111111111111111111111111111111111111111111111111111111111111111111111111111111111111111111111111111111111111111111111111111111111111111111111111111111111111111111111111111111111111111111111111111111111111111111111111111111111111111111111111111111111111111111111111111111111111
1111111111111111111111111111111111111111111111111111111111111111111111111111111111111111111111111111111111111111111111111111111111111111111111111111111111111111111111111111111111111111111111111111111111111111111111111111111111111111111111111111111111111111111111111111111111111111111111111111111111111111111111111111111111111111111111111111111111111111111111111111111111111111111111111111111111111111111111111111111111111111111111111111111111111111111111111111111111111111111111111111111111111111111111111111111111111
1111111111111111111111111111111111111111111111111111111111111111111111111111111111111111111111111111111111111111111111111111111111111111111111111111111111111111111111111111111111111111111111111111111111111111111111111111111111111111111111111111111111111111111111111111111111111111111111111111111111111111111111111111111111111111111111111111111111111111111111111111111111111111111111111111111111111111111111111111111111111111111111111111111111111111111111111111111111111111111111111111111111111111111111111111111111111
1111111111111111111111111111111111111111111111111111111111111111111111111111111111111111111111111111111111111111111111111111111111111111111111111111111111111111111111111111111111111111111111111111111111111111111111111111111111111111111111111111111111111111111111111111111111111111111111111111111111111111111111111111111111111111111111111111111111111111111111111111111111111111111111111111111111111111111111111111111111111111111111111111111111111111111111111111111111111111111111111111111111111111111111111111111111111
1111111111111111111111111111111111111111111111111111111111111111111111111111111111111111111111111111111111111111111111111111111111111111111111111111111111111111111111111111111111111111111111111111111111111111111111111111111111111111111111111111111111111111111111111111111111111111111111111111111111111111111111111111111111111111111111111111111111111111111111111111111111111111111111111111111111111111111111111111111111111111111111111111111111111111111111111111111111111111111111111111111111111111111111111111111111111
1111111100000000000011111111111111111111111100001111111111111111111111110000000000001111111111111111111111110000000011111111111111111111000000000000111111111111111111110000111100001111111111111111111100001111000011111111111111111111000011110000111111111111111111110000111100001111111111111111111100001111000011111111111111111111000000000000111111111111111111111111000000001111111111111111111111110000111111111111111111111111000000001111111111111111111111111111111111111111111111111111111111111111111111111111111111111
1111111100000000000011111111111111111111111100001111111111111111111111110000000000001111111111111111111111110000000011111111111111111111000000000000111111111111111111110000111100001111111111111111111100001111000011111111111111111111000011110000111111111111111111110000111100001111111111111111111100001111000011111111111111111111000000000000111111111111111111111111000000001111111111111111111111110000111111111111111111111111000000001111111111111111111111111111111111111111111111111111111111111111111111111111111111111
1111111100000000000011111111111111111111111100001111111111111111111111110000000000001111111111111111111111110000000011111111111111111111000000000000111111111111111111110000111100001111111111111111111100001111000011111111111111111111000011110000111111111111111111110000111100001111111111111111111100001111000011111111111111111111000000000000111111111111111111111111000000001111111111111111111111110000111111111111111111111111000000001111111111111111111111111111111111111111111111111111111111111111111111111111111111111
1111111100000000000011111111111111111111111100001111111111111111111111110000000000001111111111111111111111110000000011111111111111111111000000000000111111111111111111110000111100001111111111111111111100001111000011111111111111111111000011110000111111111111111111110000111100001111111111111111111100001111000011111111111111111111000000000000111111111111111111111111000000001111111111111111111111110000111111111111111111111111000000001111111111111111111111111111111111111111111111111111111111111111111111111111111111111
1111111100001111000011111111111111111111000011110000111111111111111111110000111100001111111111111111111100001111111111111111111111111111111100001111111111111111111111110000111100001111111111111111111100001111000011111111111111111111000011110000111111111111111111110000111100001111111111111111111100001111000011111111111111111111111111110000111111111111111111111111000011111111111111111111111111110000111111111111111111111111111100001111111111111111111111111111111100001111111111111111111111110000111111111111111111111
1111111100001111000011111111111111111111000011110000111111111111111111110000111100001111111111111111111100001111111111111111111111111111111100001111111111111111111111110000111100001111111111111111111100001111000011111111111111111111000011110000111111111111111111110000111100001111111111111111111100001111000011111111111111111111111111110000111111111111111111111111000011111111111111111111111111110000111111111111111111111111111100001111111111111111111111111111111100001111111111111111111111110000111111111111111111111
1111111100001111000011111111111111111111000011110000111111111111111111110000111100001111111111111111111100001111111111111111111111111111111100001111111111111111111111110000111100001111111111111111111100001111000011111111111111111111000011110000111111111111111111110000111100001111111111111111111100001111000011111111111111111111111111110000111111111111111111111111000011111111111111111111111111110000111111111111111111111111111100001111111111111111111111111111111100001111111111111111111111110000111111111111111111111
1111111100001111000011111111111111111111000011110000111111111111111111110000111100001111111111111111111100001111111111111111111111111111111100001111111111111111111111110000111100001111111111111111111100001111000011111111111111111111000011110000111111111111111111110000111100001111111111111111111100001111000011111111111111111111111111110000111111111111111111111111000011111111111111111111111111110000111111111111111111111111111100001111111111111111111111111111111100001111111111111111111111110000111111111111111111111
1111111100000000000011111111111111111111000011110000111111111111111111110000000011111111111111111111111100000000000011111111111111111111111100001111111111111111111111110000111100001111111111111111111100001111000011111111111111111111000011110000111111111111111111111111000011111111111111111111111100000000000011111111111111111111111100001111111111111111111111110000000011111111111111111111111111110000111111111111111111111111111100000000111111111111111111110000000000001111111111111111111100001111000011111111111111111
1111111100000000000011111111111111111111000011110000111111111111111111110000000011111111111111111111111100000000000011111111111111111111111100001111111111111111111111110000111100001111111111111111111100001111000011111111111111111111000011110000111111111111111111111111000011111111111111111111111100000000000011111111111111111111111100001111111111111111111111110000000011111111111111111111111111110000111111111111111111111111111100000000111111111111111111110000000000001111111111111111111100001111000011111111111111111
1111111100000000000011111111111111111111000011110000111111111111111111110000000011111111111111111111111100000000000011111111111111111111111100001111111111111111111111110000111100001111111111111111111100001111000011111111111111111111000011110000111111111111111111111111000011111111111111111111111100000000000011111111111111111111111100001111111111111111111111110000000011111111111111111111111111110000111111111111111111111111111100000000111111111111111111110000000000001111111111111111111100001111000011111111111111111
1111111100000000000011111111111111111111000011110000111111111111111111110000000011111111111111111111111100000000000011111111111111111111111100001111111111111111111111110000111100001111111111111111111100001111000011111111111111111111000011110000111111111111111111111111000011111111111111111111111100000000000011111111111111111111111100001111111111111111111111110000000011111111111111111111111111110000111111111111111111111111111100000000111111111111111111110000000000001111111111111111111100001111000011111111111111111
1111111100001111111111111111111111111111000000001111111111111111111111110000111100001111111111111111111111111111000011111111111111111111111100001111111111111111111111110000111100001111111111111111111100000000000011111111111111111111000000000000111111111111111111110000111100001111111111111111111111111111000011111111111111111111000011111111111111111111111111111111000011111111111111111111111111110000111111111111111111111111111100001111111111111111111111110000111111111111111111111111111100001111000011111111111111111
1111111100001111111111111111111111111111000000001111111111111111111111110000111100001111111111111111111111111111000011111111111111111111111100001111111111111111111111110000111100001111111111111111111100000000000011111111111111111111000000000000111111111111111111110000111100001111111111111111111111111111000011111111111111111111000011111111111111111111111111111111000011111111111111111111111111110000111111111111111111111111111100001111111111111111111111110000111111111111111111111111111100001111000011111111111111111
1111111100001111111111111111111111111111000000001111111111111111111111110000111100001111111111111111111111111111000011111111111111111111111100001111111111111111111111110000111100001111111111111111111100000000000011111111111111111111000000000000111111111111111111110000111100001111111111111111111111111111000011111111111111111111000011111111111111111111111111111111000011111111111111111111111111110000111111111111111111111111111100001111111111111111111111110000111111111111111111111111111100001111000011111111111111111
1111111100001111111111111111111111111111000000001111111111111111111111110000111100001111111111111111111111111111000011111111111111111111111100001111111111111111111111110000111100001111111111111111111100000000000011111111111111111111000000000000111111111111111111110000111100001111111111111111111111111111000011111111111111111111000011111111111111111111111111111111000011111111111111111111111111110000111111111111111111111111111100001111111111111111111111110000111111111111111111111111111100001111000011111111111111111
1111111100001111111111111111111111111111111100000000111111111111111111110000111100001111111111111111111100000000111111111111111111111111111100001111111111111111111111111111000000001111111111111111111111110000111111111111111111111111000000000000111111111111111111110000111100001111111111111111111100000000000011111111111111111111000000000000111111111111111111111111000000001111111111111111111111110000111111111111111111111111000000001111111111111111111111111111111111111111111111111111111100000000000011111111111111111
1111111100001111111111111111111111111111111100000000111111111111111111110000111100001111111111111111111100000000111111111111111111111111111100001111111111111111111111111111000000001111111111111111111111110000111111111111111111111111000000000000111111111111111111110000111100001111111111111111111100000000000011111111111111111111000000000000111111111111111111111111000000001111111111111111111111110000111111111111111111111111000000001111111111111111111111111111111111111111111111111111111100000000000011111111111111111
1111111100001111111111111111111111111111111100000000111111111111111111110000111100001111111111111111111100000000111111111111111111111111111100001111111111111111111111111111000000001111111111111111111111110000111111111111111111111111000000000000111111111111111111110000111100001111111111111111111100000000000011111111111111111111000000000000111111111111111111111111000000001111111111111111111111110000111111111111111111111111000000001111111111111111111111111111111111111111111111111111111100000000000011111111111111111
1111111100001111111111111111111111111111111100000000111111111111111111110000111100001111111111111111111100000000111111111111111111111111111100001111111111111111111111111111000000001111111111111111111111110000111111111111111111111111000000000000111111111111111111110000111100001111111111111111111100000000000011111111111111111111000000000000111111111111111111111111000000001111111111111111111111110000111111111111111111111111000000001111111111111111111111111111111111111111111111111111111100000000000011111111111111111
